0,-5.165344,-146.59198,
1,171.35495,125.00235,
2,63.6846,241.26099,
3,49.616028,-133.72418,
4,-39.931824,-197.1746,
5,-40.383774,136.60995,
6,227.6271,66.641205,
7,-205.76517,-242.94806,
8,124.648315,249.81976,
9,-217.04788,-176.19125,
10,123.79349,-115.74063,
11,-123.93097,-53.20285,
12,-106.0582,12.923004,
13,272.10883,-194.50269,
14,-126.55623,-158.5763,
15,-230.59906,203.58914,
16,61.9321,-190.04898,
17,83.43616,-126.26581,
18,-194.9498,-115.80118,
19,123.532135,-135.2635,
20,194.21933,-70.8374,
21,-141.29146,-82.7104,
22,1.7859192,-212.0596,
23,-194.7642,-62.54962,
24,269.25012,164.23575,
25,-192.35957,-81.51828,
26,-229.8084,211.10446,
27,160.31882,-14.861725,
28,206.15381,-167.65417,
29,-183.62494,216.93777,
30,-131.95506,-16.705048,
31,230.65814,59.327484,
32,-188.7667,-85.13463,
33,-249.2274,-241.47086,
34,271.87958,-117.50142,
35,97.37253,155.58447,
36,236.331,87.93762,
37,266.36975,99.83963,
38,-255.47762,-212.05994,
39,-167.41101,257.65674,
40,180.96158,-154.58716,
41,237.43066,38.13498,
42,160.43954,-6.024811,
43,171.55875,-132.57747,
44,-53.72409,179.36914,
45,-44.445206,43.91156,
46,141.60358,156.92352,
47,123.67493,-40.90732,
48,142.59155,133.6738,
49,243.8562,67.7106,
50,169.01608,260.72693,
51,85.241516,144.46957,
52,83.39813,-56.22281,
53,-134.22743,-185.00473,
54,4.941925,88.8049,
55,38.63919,-188.07373,
56,-172.5835,61.16327,
57,118.11258,-207.50427,
58,188.33298,18.461151,
59,1.8312073,-214.871,
60,96.463684,-146.38246,
61,-34.005722,246.53705,
62,-89.15839,190.68097,
63,188.94861,-161.61491,
64,-19.453339,212.70532,
65,-97.12448,178.47568,
66,-16.75476,212.14362,
67,-3.0079346,3.8582764,
68,2.7803955,127.589905,
69,221.92435,-145.52322,
70,182.02594,157.75674,
71,105.48306,251.7525,
72,-244.603,19.552551,
73,-34.4769,-213.52298,
74,63.2706,241.00665,
75,-54.80429,-262.0757,
76,-105.714935,274.31177,
77,-242.25171,88.28467,
78,225.97888,65.900024,
79,38.895416,-125.75601,
80,-46.829773,-120.52626,
81,140.2136,5.379303,
82,119.28824,-91.740585,
83,-278.69055,-134.6153,
84,129.71918,252.17896,
85,-35.288116,119.08267,
86,-61.952515,-164.38297,
87,-12.650299,111.57773,
88,264.52234,-132.75334,
89,-113.36241,195.3808,
90,-141.40848,63.937866,
91,-263.09406,0.23220825,
92,-199.91888,88.8501,
93,131.21857,-274.21136,
94,231.49237,-234.1141,
95,-38.67569,180.17679,
96,-69.40166,68.9935,
97,-129.86719,-27.744629,
98,-69.51674,149.33188,
99,-269.01785,230.63928,
100,154.54224,-16.20752,
101,69.13315,-139.7796,
102,-103.32579,136.28677,
103,35.168488,222.94104,
104,180.62552,-126.203156,
105,-92.15141,243.53784,
106,214.6001,-48.572968,
107,34.77484,146.24127,
108,214.01428,257.32733,
109,270.9792,132.09692,
110,131.56308,255.86475,
111,-4.901123,-30.474335,
112,223.25183,-143.96684,
113,125.64752,-212.4242,
114,164.15405,135.79834,
115,150.36035,-39.60524,
116,-60.444275,89.611145,
117,-207.28317,-125.12509,
118,225.759,277.16406,
119,213.32443,-222.93611,
120,-11.182892,-58.138306,
121,-9.567749,-13.614777,
122,-123.7215,186.39417,
123,262.72632,273.34937,
124,142.80438,-267.0086,
125,36.79001,73.3577,
126,-59.78975,273.8703,
127,-82.01369,-172.72815,
128,-0.25604248,13.306213,
129,102.58414,223.24686,
130,141.66614,-199.35349,
131,245.00195,-37.73024,
132,225.62384,-178.82635,
133,-209.87093,214.014,
134,184.81784,180.49905,
135,-191.39894,115.87268,
136,86.236755,-276.6332,
137,13.202118,195.98181,
138,-134.31352,-151.6533,
139,-183.46442,224.04614,
140,16.151733,-61.362488,
141,51.79724,-61.05571,
142,-103.88692,-147.43268,
143,-133.30598,90.27722,
144,-75.52449,35.59967,
145,30.828583,-223.15698,
146,33.17032,262.72266,
147,-266.49396,-23.170013,
148,-211.56403,-126.26053,
149,-195.03189,-155.56805,
150,37.195557,-234.3136,
151,151.31073,-268.54047,
152,34.49225,181.60202,
153,2.3502808,69.96063,
154,9.048737,212.15613,
155,111.75595,-113.76706,
156,-27.151718,-161.06049,
157,-132.07838,-174.98294,
158,22.120056,212.01279,
159,189.09384,95.96362,
160,-225.08221,109.83984,
161,-47.23857,-62.721558,
162,107.034,-119.02292,
163,-38.466034,-57.873413,
164,-35.538925,1.5891418,
165,178.74615,224.03003,
166,6.9185486,-207.50475,
167,-11.387299,-206.01987,
168,211.78586,159.25595,
169,-231.5235,-236.08087,
170,-141.47,-32.22754,
171,-86.16615,-268.0201,
172,56.575714,-191.281,
173,88.43414,-8.477203,
174,229.44583,-256.64505,
175,248.6336,259.42938,
176,278.58252,-88.904236,
177,-271.11945,-266.0843,
178,33.959778,189.64743,
179,178.01773,56.672424,
180,26.589966,-30.737915,
181,177.05872,190.53488,
182,-79.76437,55.236816,
183,30.018097,-232.01082,
184,-15.271698,-7.6116943,
185,-89.19583,187.2467,
186,-191.3027,-99.12393,
187,-89.589096,194.72086,
188,-198.60861,17.151917,
189,-232.28085,52.631897,
190,126.5553,-196.53087,
191,-179.06375,-20.996185,
192,-70.32013,104.52017,
193,-9.389069,9.112396,
194,205.79156,154.37918,
195,-166.44397,-179.14442,
196,-70.535126,198.73172,
197,132.94177,-196.34575,
198,-188.15414,247.86914,
199,145.08328,197.21329,
200,-40.15973,130.33951,
201,-11.415619,-217.61002,
202,-112.33017,-45.53305,
203,5.8137817,164.88586,
204,-273.09842,-232.08742,
205,8.225159,-19.387146,
206,-67.26445,-119.468124,
207,2.5864868,50.238556,
208,-54.536667,113.227936,
209,-159.69748,-225.7952,
210,-250.99176,-250.71635,
211,-99.0022,256.79034,
212,64.49649,152.51852,
213,-152.5841,-19.329742,
214,95.81409,-139.96008,
215,133.28989,57.761597,
216,194.74146,81.57776,
217,-260.3129,-232.44464,
218,-137.04352,151.39175,
219,257.73138,-76.029236,
220,-16.877441,-244.74486,
221,34.602966,-156.85596,
222,-23.644958,-229.46817,
223,-7.895172,-211.66296,
224,-277.73724,272.11182,
225,-21.58496,48.929443,
226,-87.09512,254.93372,
227,138.2131,66.60596,
228,-15.4314575,-227.25987,
229,247.21838,-114.52986,
230,-98.82593,184.06607,
231,-133.8872,159.77344,
232,249.0268,205.48389,
233,266.37994,202.84918,
234,-178.01936,57.807953,
235,136.07962,-162.95543,
236,-214.97147,236.03265,
237,25.03128,234.06366,
238,177.81042,84.71866,
239,103.109314,-220.97893,
240,-128.79564,247.59619,
241,-222.10936,-215.71812,
242,232.4613,-122.70294,
243,-146.9482,9.172546,
244,-261.57007,-223.90073,
245,179.72281,191.01456,
246,12.218964,-247.14844,
247,201.27539,-2.4958496,
248,234.83069,-89.9267,
249,-131.70532,39.855255,
250,-172.7074,-132.41414,
251,-255.94635,123.6944,
252,156.78796,-122.34619,
253,-220.26999,-242.4438,
254,-202.83922,247.98938,
255,89.66461,-102.16495,
256,233.61847,163.32764,
257,-214.28595,-171.18689,
258,65.898346,87.606415,
259,210.48932,95.26471,
260,174.77426,-35.191086,
261,-174.95447,175.24326,
262,53.479218,-271.25784,
263,-90.80725,87.847626,
264,-212.92163,-184.34404,
265,-77.41919,-245.34978,
266,46.469635,27.647797,
267,-78.63234,-252.5923,
268,185.6865,41.976593,
269,226.66086,-74.22249,
270,-33.550568,-131.78833,
271,-216.18146,157.88763,
272,-123.86516,231.8035,
273,-148.34004,98.363434,
274,186.92136,3.1679382,
275,-38.03969,-38.83734,
276,256.00708,-246.54486,
277,-194.6594,130.41846,
278,279.38837,-76.68193,
279,91.60162,-2.7028809,
280,273.42468,-235.5668,
281,-188.75299,124.25601,
282,-43.29695,244.24518,
283,-170.318,-256.6079,
284,-54.261963,225.14023,
285,204.41553,-170.08356,
286,-233.28671,-163.51436,
287,85.326385,186.0311,
288,-94.53471,-268.06213,
289,-115.771805,-250.76608,
290,231.65152,-190.89316,
291,-3.1203918,-99.30922,
292,61.700195,71.797516,
293,191.2814,-154.09445,
294,-151.36418,-271.8762,
295,132.37857,177.34302,
296,-116.11911,236.0326,
297,215.68994,226.53006,
298,264.07343,-169.82732,
299,140.21811,64.83273,
300,-269.01697,53.334045,
301,2.291504,-95.30559,
302,129.67941,78.34219,
303,103.56229,-152.52225,
304,-137.12617,92.56491,
305,153.76627,74.79526,
306,120.244385,61.050293,
307,196.35068,35.693695,
308,241.73413,203.50659,
309,245.73022,164.39136,
310,263.2074,-243.66418,
311,20.545166,48.308258,
312,-199.87163,168.98016,
313,-61.589523,-16.507202,
314,-22.487152,232.92023,
315,-216.43947,-252.41295,
316,-201.52571,274.50378,
317,177.55515,-53.697464,
318,164.1495,-164.1206,
319,251.61853,178.85443,
320,-261.6654,41.87982,
321,-257.22058,-234.46591,
322,133.19601,-51.25177,
323,69.06174,144.9498,
324,-120.87273,-79.160324,
325,-255.4049,51.539825,
326,252.11371,-4.632843,
327,-194.539,-108.37865,
328,-115.47981,-131.8901,
329,-28.082458,248.09308,
330,117.454865,-56.23781,
331,-18.353088,113.31717,
332,-219.04974,225.9963,
333,-150.1078,63.776093,
334,187.07172,200.83612,
335,-187.4079,-130.30598,
336,44.376923,-97.18277,
337,143.42816,172.53696,
338,-77.66325,-159.36874,
339,89.36908,-128.47765,
340,-237.44656,-84.74687,
341,-85.12572,99.08554,
342,-260.19495,-209.58968,
343,-175.79599,110.526855,
344,-151.22989,-242.08899,
345,-25.180481,154.41052,
346,-220.82816,-12.215546,
347,161.94504,91.05969,
348,-270.80396,-101.85977,
349,-206.95357,-196.19351,
350,-20.70044,218.60342,
351,-101.94119,-107.635345,
352,229.61798,194.36713,
353,-277.78665,134.41165,
354,96.51227,-10.693481,
355,97.568146,148.54813,
356,148.54608,243.953,
357,-210.11179,-138.63588,
358,-260.72488,-61.08287,
359,-258.86166,-180.76675,
360,22.328888,-258.18738,
361,-244.8971,-148.70424,
362,-49.200058,114.84857,
363,33.817688,177.233,
364,264.09155,153.76584,
365,-36.355164,208.99072,
366,-173.96082,-276.82684,
367,-241.26508,-239.56346,
368,191.98318,-141.17175,
369,51.848724,247.64612,
370,-58.04776,157.99057,
371,82.35217,-36.536682,
372,13.390564,-127.61737,
373,21.698883,-54.719208,
374,129.85092,-103.98399,
375,39.669678,80.49841,
376,-239.55157,7.4058533,
377,-119.40126,-60.55182,
378,246.05145,-28.506287,
379,267.0749,194.08212,
380,-121.65245,263.66095,
381,147.21115,129.51859,
382,141.98334,223.0242,
383,167.32632,255.48602,
384,131.61383,-5.001007,
385,-249.67899,60.404877,
386,-42.6734,-112.120026,
387,265.4579,-59.332672,
388,-245.29626,-167.35193,
389,-129.2831,173.71591,
390,79.671326,-109.13277,
391,86.18811,-248.34738,
392,-68.06685,197.60352,
393,16.636292,131.93088,
394,31.614685,-66.22394,
395,-187.28644,86.561005,
396,-252.07132,-242.03448,
397,81.3663,-51.702988,
398,-38.866882,197.94623,
399,153.565,22.33728,
400,143.46216,-62.69403,
401,187.13748,229.76288,
402,-36.511047,246.45966,
403,208.4993,142.62369,
404,-217.29907,197.8808,
405,-27.504333,262.36853,
406,272.85223,-166.04478,
407,-233.80132,-100.94113,
408,246.57898,27.737427,
409,-249.11551,218.12347,
410,-250.75854,201.04556,
411,225.84491,117.652405,
412,93.16467,-166.49734,
413,-103.78311,119.512115,
414,171.30756,206.80096,
415,251.43335,-247.25827,
416,-170.42566,-39.130234,
417,-183.23907,-157.62323,
418,-212.09204,56.74832,
419,21.988434,209.39868,
420,-238.84929,112.538025,
421,-38.286423,-69.96321,
422,-58.660294,-224.68138,
423,-67.36099,261.011,
424,102.29974,-51.40721,
425,-54.619278,251.11206,
426,-87.47807,110.66034,
427,-89.19096,182.12515,
428,129.54843,117.048035,
429,31.93039,-159.37125,
430,13.340027,166.22083,
431,218.57562,237.4945,
432,-108.939545,252.50836,
433,-180.76773,-181.40591,
434,3.7858887,-232.51851,
435,36.544006,-123.362564,
436,-101.98317,38.640503,
437,193.34338,-157.66359,
438,181.45065,-46.282272,
439,266.38483,-200.93097,
440,-128.0587,-104.619385,
441,-144.25293,238.51697,
442,-261.65295,193.63861,
443,-151.52272,198.72903,
444,208.22192,24.536377,
445,-206.50105,57.827515,
446,4.962738,-279.7547,
447,-92.10274,166.98865,
448,-180.24759,-212.32181,
449,47.980743,-200.0007,
450,203.86484,-195.76773,
451,-223.7126,151.97739,
452,85.78787,-222.05219,
453,1.0090027,-251.1435,
454,-164.89948,156.73956,
455,-131.05724,-62.16794,
456,109.78281,-237.35266,
457,-182.40594,176.75787,
458,173.05838,-28.75206,
459,-194.25809,180.82709,
460,266.1496,-43.794693,
461,-137.31049,-115.12079,
462,-190.62152,-259.10553,
463,211.3512,120.207,
464,-190.45105,-126.64763,
465,124.82114,0.3979187,
466,128.92023,-158.53056,
467,-125.5739,-170.10042,
468,-28.505692,-169.92883,
469,52.53012,253.75256,
470,-104.28079,-208.15977,
471,-252.6692,133.14883,
472,77.7258,205.12183,
473,260.11224,148.7565,
474,-166.71446,172.53207,
475,-132.80661,265.46533,
476,-94.02084,-192.32283,
477,87.18237,155.45682,
478,-271.48016,199.68045,
479,-124.08769,142.15121,
480,-112.55151,-243.16318,
481,-197.86073,-99.76219,
482,10.942169,-164.44708,
483,-68.97525,-54.983,
484,236.41315,206.52365,
485,122.65396,99.77759,
486,-81.14621,68.32492,
487,191.146,48.765717,
488,-208.82928,124.500275,
489,126.85068,205.0766,
490,-178.52878,132.77551,
491,-271.0149,-139.1197,
492,-174.41006,116.97781,
493,106.89664,-171.1147,
494,-59.003952,-269.94406,
495,231.73889,149.70859,
496,-95.73067,260.5235,
497,-7.7358704,224.46808,
498,-148.9961,-261.33298,
499,-127.03642,203.80078,
